 0 - 10
[[-1.]
 [-1.]
 [-1.]
 [-1.]
 [-1.]
 [-1.]
 [-1.]
 [-1.]
 [-1.]
 [-1.]]
10 - 20
[[-1.]
 [-1.]
 [-1.]
 [-1.]
 [-1.]
 [-1.]
 [-1.]
 [ 1.]
 [ 1.]
 [ 1.]]
20 - 30
[[ 1.]
 [ 1.]
 [ 1.]
 [ 1.]
 [ 1.]
 [ 1.]
 [ 1.]
 [ 1.]
 [ 1.]
 [ 1.]]
30 - 40
[[ 1.]
 [ 1.]
 [ 1.]
 [ 1.]
 [ 1.]
 [ 1.]
 [ 1.]
 [ 1.]
 [ 1.]
 [ 1.]]
40 - 50
[[ 1.]
 [-1.]
 [-1.]
 [ 2.]
 [ 2.]
 [ 2.]
 [ 2.]
 [ 2.]
 [ 2.]
 [ 2.]]
50 - 60
[[ 2.]
 [ 2.]
 [ 2.]
 [ 2.]
 [ 2.]
 [ 2.]
 [ 2.]
 [ 2.]
 [ 2.]
 [ 2.]]
60 - 70
[[ 2.]
 [ 2.]
 [ 2.]
 [ 2.]
 [ 2.]
 [ 2.]
 [ 2.]
 [-1.]
 [ 0.]]
